1 0.475000 0.100000 0.910000 0.130000
0 0.115000 0.107500 0.190000 0.085000
0 0.305000 0.097500 0.190000 0.085000
0 0.750000 0.100000 0.340000 0.100000
1 0.500000 0.307500 0.960000 0.225000
0 0.105000 0.260000 0.170000 0.110000
0 0.435000 0.257500 0.190000 0.105000
0 0.635000 0.260000 0.190000 0.110000
0 0.875000 0.260000 0.210000 0.110000
0 0.750000 0.405000 0.280000 0.100000
0 0.105000 0.605000 0.170000 0.100000
0 0.300000 0.605000 0.180000 0.100000
0 0.500000 0.605000 0.180000 0.100000
0 0.675000 0.605000 0.150000 0.100000
0 0.860000 0.602500 0.200000 0.105000
1 0.325000 0.745000 0.610000 0.120000
0 0.135000 0.740000 0.190000 0.110000
0 0.370000 0.730000 0.160000 0.090000
0 0.580000 0.745000 0.180000 0.120000
1 0.325000 0.875000 0.610000 0.120000
0 0.115000 0.875000 0.190000 0.120000
0 0.370000 0.860000 0.200000 0.090000
0 0.590000 0.875000 0.200000 0.120000
