1 0.370000 0.210000 0.380000 0.070000
0 0.250000 0.200000 0.120000 0.050000
0 0.485000 0.215000 0.150000 0.060000
1 0.570000 0.317500 0.800000 0.085000
0 0.255000 0.315000 0.170000 0.060000
0 0.640000 0.315000 0.140000 0.060000
0 0.910000 0.310000 0.140000 0.080000
1 0.575000 0.450000 0.810000 0.070000
0 0.240000 0.445000 0.140000 0.060000
0 0.700000 0.450000 0.180000 0.070000
0 0.930000 0.450000 0.120000 0.070000
1 0.525000 0.600000 0.810000 0.110000
0 0.220000 0.587500 0.180000 0.065000
0 0.465000 0.602500 0.190000 0.105000
0 0.675000 0.585000 0.170000 0.080000
0 0.885000 0.582500 0.150000 0.075000
