1 0.505000 0.150000 0.710000 0.070000
0 0.215000 0.147500 0.110000 0.065000
0 0.400000 0.147500 0.220000 0.065000
0 0.655000 0.150000 0.210000 0.070000
1 0.465000 0.405000 0.850000 0.120000
0 0.115000 0.405000 0.130000 0.110000
0 0.300000 0.400000 0.200000 0.100000
0 0.580000 0.400000 0.160000 0.100000
0 0.790000 0.405000 0.180000 0.110000
1 0.465000 0.540000 0.850000 0.120000
0 0.135000 0.540000 0.170000 0.110000
0 0.360000 0.535000 0.200000 0.100000
0 0.580000 0.535000 0.160000 0.100000
0 0.790000 0.540000 0.180000 0.110000
1 0.475000 0.945000 0.870000 0.060000
